piece,IMG_001_1_1_1_int.jpg_similarity,IMG_001_1_1_2_int.jpg_similarity,IMG_001_1_1_3_out.jpg_similarity,IMG_001_1_1_4_int.jpg_similarity,IMG_001_1_2_1_out.jpg_similarity,IMG_001_1_2_2_int.jpg_similarity,IMG_001_1_2_3_out.jpg_similarity,IMG_001_1_2_4_int.jpg_similarity,IMG_001_1_3_1_out.jpg_similarity,IMG_001_1_3_2_int.jpg_similarity,IMG_001_1_3_3_out.jpg_similarity,IMG_001_1_3_4_int.jpg_similarity,IMG_001_1_4_2_int.jpg_similarity,IMG_001_1_4_3_out.jpg_similarity,IMG_001_1_4_4_int.jpg_similarity,IMG_001_1_5_1_out.jpg_similarity,IMG_001_1_5_2_int.jpg_similarity,IMG_001_1_5_3_out.jpg_similarity,IMG_001_1_5_4_int.jpg_similarity,IMG_001_1_6_1_int.jpg_similarity,IMG_001_1_6_2_out.jpg_similarity,IMG_001_1_6_3_int.jpg_similarity,IMG_001_1_6_4_out.jpg_similarity,IMG_001_1_7_1_int.jpg_similarity,IMG_001_1_7_2_out.jpg_similarity,IMG_001_1_7_3_int.jpg_similarity,IMG_001_1_7_4_out.jpg_similarity,IMG_001_2_1_1_out.jpg_similarity,IMG_001_2_1_2_int.jpg_similarity,IMG_001_2_1_3_out.jpg_similarity,IMG_001_2_1_4_int.jpg_similarity,IMG_001_2_2_1_out.jpg_similarity,IMG_001_2_2_2_int.jpg_similarity,IMG_001_2_2_3_out.jpg_similarity,IMG_001_2_2_4_int.jpg_similarity,IMG_001_2_3_1_int.jpg_similarity,IMG_001_2_3_2_out.jpg_similarity,IMG_001_2_3_3_int.jpg_similarity,IMG_001_2_3_4_out.jpg_similarity,IMG_001_2_4_1_out.jpg_similarity,IMG_001_2_4_2_int.jpg_similarity,IMG_001_2_4_3_out.jpg_similarity,IMG_001_2_4_4_int.jpg_similarity,IMG_001_2_5_1_out.jpg_similarity,IMG_001_2_5_2_int.jpg_similarity,IMG_001_2_5_3_out.jpg_similarity,IMG_001_2_5_4_int.jpg_similarity,IMG_001_2_6_1_out.jpg_similarity,IMG_001_2_6_2_int.jpg_similarity,IMG_001_2_6_3_out.jpg_similarity,IMG_001_2_6_4_int.jpg_similarity,IMG_001_2_7_1_int.jpg_similarity,IMG_001_2_7_2_out.jpg_similarity,IMG_001_2_7_3_int.jpg_similarity,IMG_001_2_7_4_int.jpg_similarity,IMG_001_3_1_1_out.jpg_similarity,IMG_001_3_1_2_int.jpg_similarity,IMG_001_3_1_3_out.jpg_similarity,IMG_001_3_1_4_int.jpg_similarity,IMG_001_3_2_1_out.jpg_similarity,IMG_001_3_2_2_int.jpg_similarity,IMG_001_3_2_3_out.jpg_similarity,IMG_001_3_2_4_int.jpg_similarity,IMG_001_3_3_1_int.jpg_similarity,IMG_001_3_3_2_out.jpg_similarity,IMG_001_3_3_3_int.jpg_similarity,IMG_001_3_3_4_out.jpg_similarity,IMG_001_3_4_1_out.jpg_similarity,IMG_001_3_4_2_int.jpg_similarity,IMG_001_3_4_3_out.jpg_similarity,IMG_001_3_4_4_int.jpg_similarity,IMG_001_3_5_1_int.jpg_similarity,IMG_001_3_5_2_out.jpg_similarity,IMG_001_3_5_3_int.jpg_similarity,IMG_001_3_5_4_out.jpg_similarity,IMG_001_3_6_1_int.jpg_similarity,IMG_001_3_6_2_out.jpg_similarity,IMG_001_3_6_3_int.jpg_similarity,IMG_001_3_6_4_out.jpg_similarity,IMG_001_3_7_1_int.jpg_similarity,IMG_001_3_7_2_out.jpg_similarity,IMG_001_3_7_3_int.jpg_similarity,IMG_001_3_7_4_out.jpg_similarity,IMG_001_4_1_1_int.jpg_similarity,IMG_001_4_1_2_out.jpg_similarity,IMG_001_4_1_3_int.jpg_similarity,IMG_001_4_1_4_out.jpg_similarity,IMG_001_4_2_1_out.jpg_similarity,IMG_001_4_2_2_int.jpg_similarity,IMG_001_4_2_3_out.jpg_similarity,IMG_001_4_2_4_int.jpg_similarity,IMG_001_4_3_1_int.jpg_similarity,IMG_001_4_3_2_out.jpg_similarity,IMG_001_4_3_3_int.jpg_similarity,IMG_001_4_3_4_out.jpg_similarity,IMG_001_4_4_1_int.jpg_similarity,IMG_001_4_4_2_out.jpg_similarity,IMG_001_4_4_3_int.jpg_similarity,IMG_001_4_4_4_out.jpg_similarity,IMG_001_4_5_1_out.jpg_similarity,IMG_001_4_5_2_int.jpg_similarity,IMG_001_4_5_3_out.jpg_similarity,IMG_001_4_5_4_int.jpg_similarity,IMG_001_4_6_1_out.jpg_similarity,IMG_001_4_6_2_int.jpg_similarity,IMG_001_4_6_3_out.jpg_similarity,IMG_001_4_6_4_int.jpg_similarity,IMG_001_4_7_1_int.jpg_similarity,IMG_001_4_7_2_out.jpg_similarity,IMG_001_4_7_3_int.jpg_similarity,IMG_001_4_7_4_out.jpg_similarity,IMG_001_5_1_1_out.jpg_similarity,IMG_001_5_1_2_int.jpg_similarity,IMG_001_5_1_3_out.jpg_similarity,IMG_001_5_1_4_int.jpg_similarity,IMG_001_5_2_1_out.jpg_similarity,IMG_001_5_2_2_int.jpg_similarity,IMG_001_5_2_3_out.jpg_similarity,IMG_001_5_2_4_int.jpg_similarity,IMG_001_5_3_1_out.jpg_similarity,IMG_001_5_3_2_int.jpg_similarity,IMG_001_5_3_3_out.jpg_similarity,IMG_001_5_3_4_int.jpg_similarity,IMG_001_5_4_1_out.jpg_similarity,IMG_001_5_4_2_int.jpg_similarity,IMG_001_5_4_3_out.jpg_similarity,IMG_001_5_4_4_int.jpg_similarity,IMG_001_5_5_1_int.jpg_similarity,IMG_001_5_5_2_out.jpg_similarity,IMG_001_5_5_3_int.jpg_similarity,IMG_001_5_5_4_out.jpg_similarity,IMG_001_5_6_1_int.jpg_similarity,IMG_001_5_6_2_out.jpg_similarity,IMG_001_5_6_3_int.jpg_similarity,IMG_001_5_6_4_out.jpg_similarity,IMG_001_5_7_1_int.jpg_similarity,IMG_001_5_7_2_out.jpg_similarity,IMG_001_5_7_3_int.jpg_similarity,IMG_001_5_7_4_int.jpg_similarity
IMG_001_1_1_1_int.jpg,9.011032,10.511692,8.829984,9.204732,9.583028,9.05054,9.462532,8.72446,8.538084,9.820696,8.861248,9.322152,9.339888,8.554676,9.394084,9.91698,9.41926,9.613048,8.204652,9.116724,8.956676,9.473132,8.609164,8.480136,9.010404,8.648184,9.249756,8.354524,9.768212,8.974912,9.565692,9.61578,9.202348,9.472808,8.853948,9.329232,8.549556,10.300012,9.286776,9.309552,8.620668,9.73846,8.63176,8.614876,9.978436,8.608244,9.491148,9.019488,8.573128,9.21732,9.00808,9.826356,8.999968,9.766708,9.044076,8.269664,9.588228,8.917204,9.772492,9.21128,8.954148,9.458232,9.195384,9.502032,9.060496,9.86386,8.819616,8.908552,8.915356,9.680808,9.409588,9.5274,8.999044,9.22082,8.971608,8.546756,9.45042,8.67346,9.050252,9.557192,8.824512,9.61886,8.626784,9.4648,8.929456,9.884444,8.6677,8.999396,9.493524,9.519136,9.564948,8.837996,9.63686,9.315468,9.80816,9.118816,9.6307,9.84102,9.634552,8.932876,9.2258,9.68052,9.364776,9.44226,9.490064,9.515444,9.27096,8.917796,9.58574,9.476588,9.400832,8.44926,10.09028,8.747048,9.540556,9.423072,9.104668,9.869144,9.496532,9.469968,9.209756,9.781368,9.612436,8.431596,9.416292,9.02718,9.83264,8.965608,9.235796,8.815244,9.207232,8.817304,9.516604,8.49346,8.945628,9.438412,8.824992,9.724256,9.037284
IMG_001_1_1_2_int.jpg,10.511692,12.520064,11.192044,11.280168,11.405392,10.974712,11.45352,10.742016,10.628536,11.884924,10.925732,11.2267,11.509292,10.595968,11.183,11.953216,11.412504,11.597036,10.719728,11.30056,10.772376,11.411992,10.660672,10.43082,10.945208,10.592676,11.155216,10.801616,11.667664,10.88654,11.428352,11.544568,11.145128,11.427588,10.782968,11.191428,10.939984,12.122472,11.399332,11.272636,10.665584,11.569488,10.714916,10.881912,11.849096,10.617824,11.384496,11.150412,10.952844,11.803364,10.960948,11.687136,11.271188,11.589552,10.57012,10.74722,11.809976,11.094688,11.590744,11.279852,10.840152,11.772716,11.118156,11.53326,11.183636,11.71736,10.823956,10.880772,10.949616,11.807364,11.304496,11.456524,11.22612,11.350152,10.95014,10.583112,11.36496,10.524808,11.242072,11.3873,11.001604,11.370144,10.726716,11.379884,10.96102,11.687688,10.961032,10.74044,11.488648,11.301148,11.417656,10.835088,11.727,11.221208,11.63558,11.080252,11.551376,11.666528,11.445812,11.091232,11.392764,11.478316,11.225428,11.398176,11.485716,11.626056,11.078748,10.77232,11.446888,11.31924,11.333404,10.699232,11.870332,10.879636,11.454488,11.224684,11.00132,11.940708,11.24276,11.485124,11.052864,11.587844,11.577296,10.52444,11.281112,11.160448,11.64114,10.7927,11.127696,10.81424,11.318908,10.806004,11.633496,10.625056,10.96016,11.488688,10.914284,11.539372,10.69428
IMG_001_1_1_3_out.jpg,8.829984,11.192044,10.01196,10.036828,9.939236,9.641484,10.140708,9.430948,9.262156,10.598288,9.677264,9.909096,10.35048,9.251732,9.910036,10.659916,10.14406,10.250688,9.404996,9.977164,9.583716,10.1735,9.419532,8.993864,9.538972,9.25208,9.848516,9.503692,10.51198,9.498608,10.187508,10.362724,9.7931,10.072448,9.35674,9.888528,9.680812,10.818836,10.035888,10.023944,9.464604,10.254004,9.382936,9.59858,10.568964,9.556228,10.032292,9.826832,9.551152,10.711792,9.739728,10.479516,10.049192,10.403348,9.146068,9.475752,10.503876,9.762748,10.30938,10.044184,9.599972,10.588256,9.827656,10.24756,9.959408,10.489868,9.579128,9.591176,9.615908,10.467424,10.125148,10.29876,9.918348,10.041292,9.655208,9.256716,10.274668,9.3785,9.854692,10.1722,9.840792,10.071516,9.225448,10.231536,9.55876,10.399932,9.761964,9.549972,10.283692,10.017008,10.19082,9.55898,10.488972,9.899404,10.373032,9.705904,9.991428,10.06194,10.23712,9.718188,10.12192,10.2098,9.841952,10.161284,10.208696,10.420988,9.911264,9.478044,10.304844,10.182188,10.053624,9.44118,10.582624,9.636872,10.071268,9.911432,9.76006,10.608736,9.9845,10.255048,9.728972,10.210192,10.141212,9.253268,10.151524,10.035132,10.292056,9.457848,9.846636,9.586116,9.965888,9.516824,10.392028,9.318572,9.659148,10.16778,9.693368,10.242544,9.257388
IMG_001_1_1_4_int.jpg,9.204732,11.280168,10.036828,10.123552,10.186304,9.856136,10.28908,9.633848,9.383752,10.734356,9.76958,10.05814,10.439924,9.428064,10.035576,10.793648,10.24584,10.265148,9.526872,10.113264,9.714784,10.332856,9.609384,9.166628,9.723,9.426148,9.854464,9.688664,10.60528,9.584732,10.331336,10.4996,9.980544,10.097932,9.557848,10.061812,9.749176,10.904376,10.182132,10.129372,9.59816,10.284128,9.490748,9.672568,10.719576,9.68968,10.243912,9.868964,9.5905,10.76582,9.795788,10.3706,10.174396,10.496064,9.119208,9.603484,10.703552,9.788936,10.408592,10.028092,9.587096,10.619668,9.83182,10.293316,10.041908,10.412008,9.585676,9.583924,9.649264,10.584188,10.11292,10.406636,9.877848,9.965712,9.753876,9.334744,10.371272,9.605336,9.89328,10.308164,9.830684,10.261888,9.4163,10.384076,9.753532,10.732768,9.899312,9.482848,10.286376,10.1243,10.334984,9.532704,10.670936,10.067112,10.468772,9.733788,10.262952,10.419704,10.404788,9.856376,10.119316,10.305244,9.955564,10.21732,10.232676,10.494248,9.966756,9.608272,10.451656,10.200968,10.127668,9.560288,10.675812,9.622508,10.306728,9.926628,9.80552,10.586444,10.0028,10.291348,9.931888,10.266964,10.31496,9.368976,10.355624,10.16616,10.447492,9.570836,10.037992,9.600008,10.103148,9.574604,10.571296,9.371808,9.67556,10.165512,9.799452,10.43926,9.153664
IMG_001_1_2_1_out.jpg,9.583028,11.405392,9.939236,10.186304,10.1268,9.388776,9.859048,9.46188,9.28628,10.647076,9.244508,9.87354,10.463436,9.260792,10.05396,10.83108,10.15976,10.027804,9.558856,10.179656,9.23336,9.934504,9.545928,9.158492,9.60468,8.992308,9.979232,9.615128,10.7304,9.546012,10.153088,10.250208,9.656584,10.15378,9.330096,9.75542,9.738376,10.945296,9.81086,9.903228,9.120216,10.199056,9.496284,9.669264,10.681224,9.362144,9.953432,9.901156,9.703948,10.745644,9.945588,10.669488,10.163884,10.238168,9.787048,9.650148,10.708896,9.744776,10.181952,10.106036,9.695216,10.730612,10.010628,10.4029,10.006028,10.586632,9.629764,9.580484,9.580896,10.497924,10.23908,10.437452,9.912792,10.13436,9.6967,9.313288,10.071896,9.196432,9.868728,10.0823,9.89422,9.751576,9.459156,10.158412,9.518812,10.141504,9.790968,9.753328,10.242904,10.15038,10.04288,9.620024,10.688928,10.07952,10.407068,9.830436,10.308088,10.274328,10.291628,10.034752,10.204188,10.240676,10.1463,10.206528,10.151276,10.440176,9.772756,9.55456,10.486672,10.075248,10.181356,9.563784,10.810348,9.74666,9.879064,9.915796,9.88792,10.820604,10.00976,10.33854,9.6532,10.347284,10.24844,9.354512,10.2428,10.126168,10.147932,9.567076,9.514696,9.746744,10.016068,9.39102,10.467296,9.584672,9.78456,10.377296,9.821804,10.211516,9.584272
IMG_001_1_2_2_int.jpg,9.05054,10.974712,9.641484,9.856136,9.388776,9.185392,9.778928,9.074448,8.856536,10.217724,9.13538,9.311172,10.022692,8.86596,9.61056,10.375664,9.890304,9.80046,9.105912,9.721664,9.103568,9.584976,9.111432,8.770044,9.07436,8.830404,9.519488,9.231192,10.231456,9.131028,9.657448,9.866696,9.481656,9.61522,8.887664,9.392676,9.223464,10.657128,9.568484,9.597156,9.03336,9.898568,9.065788,9.236904,10.2022,9.113624,9.530456,9.5331,9.334956,10.370932,9.474716,10.171792,9.734444,10.011192,9.093976,9.250068,10.012416,9.418432,9.833552,9.7803,9.304088,10.222092,9.379756,9.943708,9.701532,10.185408,9.332116,9.221156,9.28548,9.964588,9.778864,9.841364,9.515768,9.771304,9.44394,8.91944,9.751936,8.967568,9.53456,9.51962,9.430804,9.713608,9.009532,9.569724,9.140516,10.056816,9.396008,9.264736,9.923112,9.635132,9.58884,9.191872,10.373224,9.680256,10.15206,9.412092,9.897728,9.871552,9.930692,9.539288,9.77398,9.823436,9.754844,9.731256,9.949628,10.027304,9.427332,9.179656,10.006432,9.692752,9.905484,9.154584,10.405228,9.36242,9.641096,9.526068,9.394112,10.411124,9.583864,9.871252,9.091448,9.859668,9.777216,8.950152,9.650208,9.78988,9.909788,9.195348,9.406152,9.267768,9.46594,9.2035,10.01812,9.126712,9.352056,9.919704,9.388708,9.68514,8.925872
IMG_001_1_2_3_out.jpg,9.462532,11.45352,10.140708,10.28908,9.859048,9.778928,10.256992,9.570832,9.445904,10.725916,9.691828,9.915292,10.501732,9.397152,10.071168,10.835904,10.391296,10.250436,9.567568,10.237712,9.700704,10.129904,9.64864,9.195332,9.587768,9.330724,9.960048,9.691944,10.713512,9.656716,10.15704,10.392872,9.916864,10.09618,9.39884,9.986892,9.66392,11.13608,10.136228,10.162076,9.576744,10.424296,9.464876,9.7412,10.784976,9.728768,10.07272,9.98614,9.825284,10.879148,9.98382,10.582704,10.223972,10.447016,9.671336,9.727812,10.50668,9.84584,10.32944,10.095916,9.70028,10.78646,9.912948,10.439948,10.208988,10.591448,9.764084,9.646156,9.711368,10.446228,10.25292,10.4595,10.002592,10.226752,9.880588,9.345,10.363952,9.618072,10.011984,10.194908,9.885876,10.131304,9.445052,10.20118,9.682932,10.648208,9.894008,9.723856,10.30744,10.179964,10.26336,9.608048,10.884336,10.076648,10.54218,9.88882,10.152128,10.20772,10.381204,10.096528,10.1945,10.385268,10.039196,10.242496,10.420092,10.473624,10.014748,9.627696,10.56208,10.224528,10.351068,9.698376,10.809052,9.863716,10.121272,10.01738,9.91692,10.823684,10.0994,10.392356,9.7786,10.36218,10.269104,9.409288,10.270808,10.227704,10.329492,9.662412,10.008376,9.782488,10.176244,9.589724,10.5398,9.549368,9.741104,10.330136,9.908524,10.187348,9.589368
IMG_001_1_2_4_int.jpg,8.72446,10.742016,9.430948,9.633848,9.46188,9.074448,9.570832,8.835072,8.644552,9.979036,9.004756,9.427004,9.882004,8.765832,9.445328,10.15192,9.724112,9.72162,8.857608,9.346944,8.9006,9.529544,8.85684,8.50322,9.025752,8.626564,9.410256,9.033696,9.944856,9.05634,9.668648,9.791576,9.33516,9.650796,8.797016,9.367516,9.06432,10.326152,9.504404,9.34842,8.732584,9.745624,8.887604,8.985432,9.959464,8.818008,9.561872,9.322508,9.098852,10.144164,9.115948,9.838472,9.559972,9.801856,8.893888,8.976148,9.942216,9.270408,9.764024,9.525292,9.09564,9.908012,9.28134,9.752412,9.369228,10.0458,9.075124,9.083244,9.120296,9.8355,9.555744,9.707644,9.408912,9.585784,9.112348,8.728944,9.591152,8.578184,9.458872,9.534108,9.351324,9.488904,8.828452,9.520276,9.064364,9.782936,9.094112,9.005656,9.739792,9.454364,9.494584,9.050864,10.088248,9.405768,9.88202,9.32654,9.752776,9.641056,9.665132,9.21528,9.627396,9.737004,9.4807,9.572552,9.73034,9.82372,9.255964,9.042616,9.702024,9.654216,9.56566,8.883272,10.186836,8.991908,9.599248,9.389204,9.184128,10.108764,9.45516,9.676036,9.102624,9.658276,9.729768,8.767952,9.464336,9.416496,9.719644,9.034284,9.239864,9.101256,9.313708,9.03702,9.735552,8.831952,9.174072,9.807992,9.130644,9.730268,8.498032
IMG_001_1_3_1_out.jpg,8.538084,10.628536,9.262156,9.383752,9.28628,8.856536,9.445904,8.644552,8.464912,9.810092,8.832788,9.134068,9.555388,8.560312,9.234768,9.95564,9.43284,9.519836,8.604152,9.259752,8.719568,9.353512,8.54364,8.347372,8.782496,8.40094,9.154424,8.818904,9.68684,8.830588,9.380888,9.580088,9.087448,9.356308,8.593088,9.172316,8.798904,10.25168,9.315588,9.186628,8.386104,9.601808,8.623012,8.745648,9.76504,8.415592,9.313016,9.092788,8.894252,9.940036,8.978964,9.731432,9.26258,9.625672,8.682736,8.763212,9.658616,9.04148,9.50792,9.357196,8.857592,9.699692,9.115316,9.58898,9.241612,9.83548,8.879052,8.879436,8.866808,9.668508,9.357672,9.414196,9.215064,9.35128,8.95682,8.499976,9.333208,8.35704,9.1728,9.346332,9.085028,9.280992,8.664428,9.386428,8.826348,9.497592,8.916072,8.807448,9.509192,9.285548,9.325896,8.829464,9.923,9.241832,9.69654,9.046852,9.53892,9.500216,9.438772,9.01776,9.4729,9.503868,9.269796,9.446744,9.530644,9.572536,9.03422,8.77376,9.508744,9.372288,9.401548,8.733168,9.968652,8.828388,9.383376,9.1639,9.02704,9.922628,9.23392,9.43022,8.902296,9.53002,9.543216,8.511352,9.312,9.216568,9.549604,8.752156,9.026488,8.852416,9.156396,8.795092,9.557672,8.644104,8.965896,9.4788,8.939204,9.481604,8.475408
IMG_001_1_3_2_int.jpg,9.820696,11.884924,10.598288,10.734356,10.647076,10.217724,10.725916,9.979036,9.810092,10.877896,10.137064,10.484544,10.803592,9.943948,10.542236,11.185388,10.811988,10.815856,9.844412,10.48978,9.938124,10.66042,9.892876,9.651088,10.076284,9.652224,10.541652,10.13718,10.947068,10.151336,10.696612,10.852988,10.327812,10.717704,9.987548,10.44136,10.119252,11.5653,10.523872,10.375304,9.755884,10.802444,9.96852,10.040164,10.931308,9.797316,10.609404,10.431208,10.20608,11.18916,10.2314,11.045124,10.661112,10.84494,9.916868,10.056224,10.87414,10.41214,10.764436,10.67132,10.206396,11.002024,10.419384,10.867312,10.396832,11.101572,10.07496,10.153832,10.127668,10.87456,10.63566,10.614304,10.510164,10.681292,10.185856,9.81966,10.674564,9.716036,10.469348,10.59304,10.386096,10.514436,9.868448,10.373224,10.100496,10.793316,10.190644,10.132812,10.7319,10.568256,10.557404,10.184028,11.308724,10.614252,10.91332,10.37604,10.915788,10.84466,10.735992,10.471948,10.70404,10.796928,10.59048,10.777556,10.824744,10.968308,10.223216,10.11766,10.772708,10.6919,10.655912,10.010948,11.264784,10.200368,10.660756,10.483224,10.332364,11.338448,10.554804,10.79964,10.353044,10.856232,10.773796,9.839428,10.504788,10.480324,10.905944,10.072616,10.281484,10.23262,10.367824,10.186656,10.90534,9.896492,10.317716,10.844596,10.123272,10.73384,9.77066
IMG_001_1_3_3_out.jpg,8.861248,10.925732,9.677264,9.76958,9.244508,9.13538,9.691828,9.004756,8.832788,10.137064,9.084392,9.263696,9.932152,8.764084,9.447868,10.287148,9.85514,9.755224,8.998524,9.657116,9.02522,9.485068,9.003516,8.709744,9.001188,8.686032,9.461596,9.175268,10.139948,9.097392,9.624484,9.804676,9.351028,9.568904,8.86234,9.374064,9.136972,10.57446,9.56128,9.663792,8.934332,9.840812,9.017,9.198924,10.19242,8.99306,9.49974,9.458888,9.237464,10.317776,9.45528,10.085484,9.638272,9.878268,8.974756,9.159896,10.09254,9.342084,9.789036,9.633552,9.191884,10.13904,9.445648,9.914368,9.62112,10.160388,9.274448,9.131048,9.201316,9.974368,9.71386,9.931664,9.479708,9.760476,9.357128,8.886796,9.79058,8.937748,9.522228,9.638112,9.395192,9.592156,8.960744,9.644808,9.070328,10.046564,9.31394,9.194788,9.91346,9.587368,9.637028,9.119876,10.306108,9.581028,10.058176,9.26752,9.826972,9.576548,9.816408,9.489292,9.707408,9.69176,9.655864,9.71874,9.89512,9.92614,9.435664,9.13886,10.00482,9.716508,9.809528,9.101276,10.357944,9.289352,9.589396,9.412744,9.3891,10.35468,9.558052,9.789616,9.103724,9.904848,9.741076,8.91382,9.744836,9.724748,9.76276,9.159024,9.377036,9.18922,9.500816,9.117792,10.006204,9.071484,9.305356,9.819884,9.360216,9.612152,8.873796
IMG_001_1_3_4_int.jpg,9.322152,11.2267,9.909096,10.05814,9.87354,9.311172,9.915292,9.427004,9.134068,10.484544,9.263696,9.380024,10.270024,9.022436,9.84578,10.620212,10.103308,9.872736,9.39282,9.985028,9.29722,9.971316,9.386996,9.058264,9.487772,8.974816,9.77486,9.426476,10.5155,9.375952,9.903628,10.329876,9.592268,9.8772,9.2887,9.694784,9.522268,10.995828,9.820784,9.968672,9.250132,10.219332,9.371696,9.515132,10.504372,9.270148,9.614924,9.772968,9.513,10.610528,9.7068,10.418868,9.923216,10.249684,9.13674,9.450808,10.438828,9.606044,10.012188,9.896064,9.438804,10.493968,9.806824,10.230368,9.952904,10.39278,9.480208,9.453136,9.41886,10.256752,10.063156,10.226472,9.820732,9.914156,9.51648,9.1759,10.134828,9.132492,9.777668,10.007936,9.632696,9.762148,9.32452,10.105232,9.409728,10.138524,9.663436,9.471772,10.068476,9.946104,10.018916,9.457428,10.642948,9.94966,10.292544,9.655544,10.1723,10.168164,10.101272,9.778828,9.848232,10.114136,9.966112,10.077028,10.060464,10.066076,9.757736,9.336292,10.32518,10.113596,10.047328,9.391692,10.672056,9.601568,9.821076,9.767024,9.65038,10.660648,9.971396,9.941224,9.602796,10.172568,10.019948,9.171068,10.064444,10.029188,9.975688,9.427072,9.631276,9.516436,9.92184,9.358024,10.34362,9.397212,9.529372,10.170956,9.627392,9.785056,9.275356
IMG_001_1_4_2_int.jpg,9.339888,11.509292,10.35048,10.439924,10.463436,10.022692,10.501732,9.882004,9.555388,10.803592,9.932152,10.270024,10.483608,9.7145,10.279164,11.033124,10.564612,10.661416,9.680524,10.31986,9.804756,10.442916,9.78426,9.403784,9.87874,9.594952,10.261724,9.890876,10.736228,9.989752,10.509636,10.80282,10.207404,10.5126,9.86518,10.316632,9.94146,11.264084,10.417912,10.161616,9.660612,10.717636,9.735728,9.800428,10.79994,9.602636,10.456132,10.171688,9.904048,10.90996,9.89216,10.64846,10.360992,10.727692,9.504348,9.833072,10.666156,10.082932,10.592852,10.453264,10.029948,10.785672,10.147744,10.571344,10.232904,10.963372,9.980464,9.993584,9.928468,10.704144,10.364444,10.42844,10.319796,10.473804,9.923456,9.523252,10.540636,9.497284,10.319636,10.334424,10.166584,10.386644,9.719312,10.355592,9.95212,10.53786,10.018132,9.874868,10.497068,10.318656,10.308524,9.955396,10.908948,10.163748,10.62292,10.19652,10.543924,10.684052,10.545984,10.046692,10.561992,10.536424,10.242632,10.352764,10.562368,10.711332,10.004,9.954588,10.499028,10.43726,10.36488,9.71762,11.026968,9.86516,10.54042,10.323432,10.172372,11.01728,10.294276,10.51612,10.162076,10.63752,10.578164,9.706364,10.125804,10.254716,10.633504,9.897792,10.10766,10.007108,10.11032,9.855472,10.522948,9.710332,10.040484,10.617452,9.972536,10.589568,9.29398
IMG_001_1_4_3_out.jpg,8.554676,10.595968,9.251732,9.428064,9.260792,8.86596,9.397152,8.765832,8.560312,9.943948,8.764084,9.022436,9.7145,8.45416,9.180296,10.019232,9.48452,9.439956,8.729592,9.325752,8.733464,9.3176,8.81648,8.34022,8.830184,8.459692,9.098064,8.780352,9.926688,8.787836,9.253752,9.729608,9.066144,9.255212,8.603072,9.09038,8.922112,10.312248,9.211772,9.39386,8.635232,9.491424,8.786396,8.98136,9.905016,8.70236,9.21468,9.132412,8.88758,9.9923,9.070148,9.787264,9.263708,9.647832,8.78756,8.8173,9.840568,8.934552,9.521288,9.27814,8.852184,9.905476,9.178596,9.62414,9.234612,9.78092,8.85446,8.812644,8.80212,9.71586,9.391792,9.592044,9.112136,9.35592,9.020676,8.595848,9.507888,8.587328,9.053432,9.44594,9.052572,9.264808,8.71418,9.448076,8.786452,9.611984,9.039632,8.849952,9.49296,9.321316,9.462952,8.794632,9.975856,9.285592,9.635284,8.9241,9.549592,9.590408,9.535588,9.171272,9.291852,9.406476,9.327932,9.403216,9.475028,9.639432,9.161236,8.788856,9.671904,9.407832,9.45626,8.766584,10.052548,8.9765,9.2936,9.143484,9.037016,10.06878,9.22116,9.553124,8.985304,9.518716,9.46444,8.556472,9.45152,9.414256,9.468508,8.840956,9.041088,8.796824,9.25622,8.736364,9.661544,8.773808,8.9312,9.362936,8.978364,9.424404,8.68192
IMG_001_1_4_4_int.jpg,9.394084,11.183,9.910036,10.035576,10.05396,9.61056,10.071168,9.445328,9.234768,10.542236,9.447868,9.84578,10.279164,9.180296,9.879376,10.675424,10.180792,10.16414,9.479976,9.945048,9.492592,10.090064,9.400264,9.004524,9.539816,9.129268,9.740704,9.510416,10.550664,9.50438,10.040528,10.411616,9.79076,9.981268,9.329848,9.812164,9.586752,10.883952,9.918348,9.984084,9.412872,10.193496,9.3651,9.614496,10.587504,9.525208,9.989888,9.6571,9.594332,10.675004,9.62742,10.394744,9.98362,10.283216,9.429552,9.480852,10.475112,9.649568,10.239896,9.918884,9.453624,10.536812,9.731452,10.197716,9.95578,10.489016,9.553964,9.501748,9.53544,10.350828,10.07268,10.318524,9.746976,10.007288,9.603468,9.215096,10.146432,9.373672,9.824016,10.184196,9.792324,10.074216,9.306508,10.141372,9.50378,10.382552,9.751456,9.583992,10.203968,9.995092,10.112848,9.468216,10.60312,9.883528,10.323876,9.67074,10.153232,10.256616,10.231532,9.751536,10.073444,10.144636,9.897916,10.140328,10.095332,10.322088,9.837444,9.529248,10.34068,10.06808,10.100684,9.375528,10.60994,9.587572,10.040792,9.903532,9.653184,10.529236,9.912896,10.159676,9.715056,10.230636,10.1352,9.25452,10.104432,10.076448,10.254092,9.54274,9.7584,9.4984,9.946772,9.386748,10.400176,9.428288,9.582384,10.0582,9.67082,10.194628,9.573192
IMG_001_1_5_1_out.jpg,9.91698,11.953216,10.659916,10.793648,10.83108,10.375664,10.835904,10.15192,9.95564,11.185388,10.287148,10.620212,11.033124,10.019232,10.675424,11.334304,10.866904,10.974156,10.13296,10.74448,10.087264,10.839336,10.11496,9.796668,10.206272,9.923364,10.585784,10.311936,11.135784,10.305964,10.898656,11.13528,10.564216,10.887076,10.153776,10.65118,10.313856,11.588416,10.775356,10.627884,9.976192,11.03404,10.143148,10.215832,11.228016,10.03212,10.828376,10.508308,10.330868,11.350892,10.400596,11.140096,10.676084,11.0954,9.903896,10.272132,11.16104,10.540952,10.971056,10.687348,10.34268,11.168268,10.43258,10.967876,10.648892,11.259992,10.23882,10.330348,10.379088,11.124764,10.70348,10.910244,10.64192,10.855504,10.412348,9.940176,10.860032,9.882288,10.69228,10.803996,10.517548,10.670336,10.0421,10.82142,10.359212,10.903496,10.472512,10.279536,10.915928,10.74006,10.701872,10.391768,11.403808,10.640824,11.084692,10.497004,10.866624,11.07996,10.944124,10.518432,10.943404,10.893668,10.660148,10.790512,10.869684,11.11864,10.46554,10.297232,11.028736,10.722176,10.793012,10.182296,11.375244,10.253148,10.81496,10.658252,10.597712,11.328636,10.703296,10.978332,10.513992,10.847228,11.002896,9.987656,10.743368,10.729312,10.947956,10.151772,10.46784,10.311248,10.658844,10.164724,10.905416,10.074808,10.392656,10.91112,10.395292,10.936604,9.947056
IMG_001_1_5_2_int.jpg,9.41926,11.412504,10.14406,10.24584,10.15976,9.890304,10.391296,9.724112,9.43284,10.811988,9.85514,10.103308,10.564612,9.48452,10.180792,10.866904,10.255344,10.515508,9.576744,10.101184,9.816872,10.387032,9.686536,9.290788,9.810584,9.46358,9.983472,9.787288,10.6908,9.711124,10.239992,10.620856,10.0698,10.32282,9.600064,10.097052,9.783032,11.1302,10.248636,10.141188,9.64252,10.474416,9.588356,9.747264,10.831928,9.751512,10.301216,9.974628,9.644244,10.890852,9.840188,10.563264,10.210932,10.6452,9.400688,9.654684,10.719584,9.910696,10.440032,10.159524,9.758992,10.739836,10.036884,10.431636,10.1259,10.588232,9.729884,9.718116,9.797592,10.658212,10.22828,10.578412,10.033008,10.148432,9.814676,9.42328,10.446048,9.611768,9.937672,10.374956,9.972308,10.384744,9.532068,10.421932,9.768636,10.664976,10.02944,9.63732,10.383576,10.196492,10.394888,9.65172,10.69772,10.177,10.50282,9.896932,10.336976,10.423976,10.40622,9.924984,10.21018,10.453468,10.092732,10.434424,10.302172,10.468336,10.1091,9.66076,10.57788,10.339944,10.260004,9.671096,10.82174,9.720716,10.328008,10.109868,9.924136,10.777628,10.16784,10.437748,9.957288,10.383636,10.342056,9.426472,10.364912,10.227312,10.51414,9.698924,10.067864,9.757136,10.204276,9.628292,10.603984,9.569176,9.761904,10.256128,9.8639,10.458476,9.65476
IMG_001_1_5_3_out.jpg,9.613048,11.597036,10.250688,10.265148,10.027804,9.80046,10.250436,9.72162,9.519836,10.815856,9.755224,9.872736,10.661416,9.439956,10.16414,10.974156,10.515508,10.240296,9.690908,10.292476,9.680716,10.212556,9.719748,9.362784,9.781484,9.306512,10.022812,9.793004,10.824068,9.723592,10.180452,10.586268,9.943284,10.238088,9.471492,9.97088,9.911932,11.229468,10.161584,10.236008,9.63002,10.476916,9.713664,9.867908,10.856404,9.763524,10.130844,10.04052,9.839736,10.964352,10.0366,10.806076,10.340048,10.490444,9.526428,9.748872,10.753132,9.881228,10.353204,10.16648,9.807636,10.846408,10.094856,10.525416,10.252008,10.618332,9.801888,9.672512,9.791148,10.641192,10.300124,10.549792,10.079084,10.25582,9.947136,9.492316,10.410244,9.51738,10.002508,10.313576,9.88648,10.15494,9.601296,10.410904,9.68,10.539412,9.973868,9.834444,10.438324,10.276048,10.312148,9.651508,10.93918,10.255476,10.566272,9.860976,10.38482,10.285028,10.473,10.13934,10.251376,10.369272,10.204824,10.353548,10.463648,10.573276,10.114216,9.680028,10.62886,10.39558,10.382448,9.753052,10.942752,9.91632,10.14082,10.106768,10.011884,11.007808,10.22914,10.449888,9.882484,10.48072,10.394332,9.466852,10.356468,10.388812,10.258552,9.799152,10.097268,9.838828,10.20788,9.734712,10.6527,9.69166,9.888524,10.437612,9.982248,10.303224,9.693196
IMG_001_1_5_4_int.jpg,8.204652,10.719728,9.404996,9.526872,9.558856,9.105912,9.567568,8.857608,8.604152,9.844412,8.998524,9.39282,9.680524,8.729592,9.479976,10.13296,9.576744,9.690908,8.842272,9.415864,8.823496,9.549848,8.825072,8.468372,8.901944,8.567044,9.352176,8.965752,9.905288,9.022692,9.627256,9.741168,9.31924,9.597716,8.791232,9.342388,9.051896,10.378368,9.489444,9.342796,8.631816,9.766552,8.908044,9.031264,9.93092,8.800768,9.492552,9.213596,9.018652,10.101364,9.092372,9.853496,9.373268,9.848576,8.745672,8.949692,9.814544,9.149952,9.68,9.404468,9.054296,9.937084,9.248524,9.761124,9.32018,9.93372,9.054908,9.069708,8.996248,9.810748,9.479176,9.6027,9.351672,9.567776,9.063716,8.67508,9.528936,8.643712,9.34456,9.3803,9.219636,9.456448,8.7895,9.389012,9.0219,9.750176,9.165784,8.950632,9.571304,9.491996,9.516848,9.033632,9.991528,9.370352,9.773452,9.248652,9.644688,9.820296,9.695108,9.229456,9.53958,9.755188,9.419116,9.517224,9.581708,9.788064,9.22322,8.979792,9.688856,9.543704,9.50634,8.845624,10.105108,8.98046,9.550072,9.392956,9.26876,10.109228,9.444696,9.682564,9.22128,9.651588,9.690128,8.766208,9.45516,9.43596,9.730844,8.884596,9.181584,9.051312,9.294388,8.944396,9.758,8.86912,9.113568,9.599528,9.117692,9.6777,8.548688
IMG_001_1_6_1_int.jpg,9.116724,11.30056,9.977164,10.113264,10.179656,9.721664,10.237712,9.346944,9.259752,10.48978,9.657116,9.985028,10.31986,9.325752,9.945048,10.74448,10.101184,10.292476,9.415864,9.937936,9.559672,10.225696,9.46308,9.117396,9.655984,9.292492,9.94436,9.637704,10.45916,9.61946,10.242136,10.373032,9.920456,10.189044,9.46708,9.958812,9.651104,10.947296,10.117332,9.893428,9.476,10.42272,9.415892,9.560392,10.554032,9.506328,10.122512,9.888444,9.616236,10.626572,9.674452,10.482928,10.071956,10.532224,9.301168,9.529636,10.340968,9.828096,10.380856,10.145388,9.669696,10.445668,9.889628,10.252876,9.981132,10.589768,9.58446,9.706116,9.648304,10.4277,10.03576,10.273972,10.01072,10.155464,9.718764,9.286584,10.077248,9.259488,10.020984,10.135604,9.818724,10.1814,9.386764,10.132012,9.674484,10.439504,9.678304,9.521264,10.27976,10.149532,10.21688,9.542528,10.558464,10.0078,10.506324,9.849708,10.228256,10.378712,10.2961,9.81604,10.177796,10.30598,9.960324,10.18984,10.227852,10.364016,9.884292,9.590464,10.379456,10.18316,10.100172,9.454728,10.550964,9.631884,10.161104,9.999932,9.890656,10.635236,9.93784,10.274348,9.871416,10.248868,10.3262,9.365024,10.21216,10.056656,10.358116,9.65022,9.885864,9.643384,9.995948,9.532732,10.325136,9.39124,9.735632,10.112416,9.653444,10.255276,9.456016
IMG_001_1_6_2_out.jpg,8.956676,10.772376,9.583716,9.714784,9.23336,9.103568,9.700704,8.9006,8.719568,9.938124,9.02522,9.29722,9.804756,8.733464,9.492592,10.087264,9.816872,9.680716,8.823496,9.559672,8.954624,9.588744,8.93668,8.655548,8.916568,8.732732,9.437488,9.071432,9.962264,9.014324,9.498128,9.74656,9.37736,9.628788,8.684944,9.41474,9.016728,10.55712,9.507468,9.360668,8.86964,9.8444,8.900196,9.020856,10.002976,8.896032,9.499992,9.400348,9.226876,10.14346,9.337052,10.069512,9.65962,9.8632,9.099376,9.075284,9.998584,9.337408,9.783504,9.566396,9.218872,10.006572,9.294284,9.826756,9.594964,10.12396,9.203172,9.205412,9.187264,9.803484,9.69016,9.69018,9.406048,9.708696,9.302964,8.675104,9.523464,8.817992,9.437944,9.372924,9.30302,9.582288,8.798988,9.535412,9.063268,9.890368,9.121632,9.13948,9.917864,9.579124,9.350816,9.17516,10.211264,9.566008,10.046524,9.371788,9.706464,9.4088,9.776444,9.389496,9.679508,9.766924,9.51514,9.61192,9.828204,9.900592,9.330924,9.056736,9.908856,9.67048,9.78454,9.038352,10.209796,9.243988,9.581688,9.385588,9.292232,10.252052,9.499456,9.714516,8.876568,9.732524,9.59032,8.811096,9.62148,9.632576,9.699756,9.06346,9.247728,9.163016,9.363276,9.076724,9.898696,8.891,9.184504,9.75204,9.27102,9.621388,8.988832
IMG_001_1_6_3_int.jpg,9.473132,11.411992,10.1735,10.332856,9.934504,9.584976,10.129904,9.529544,9.353512,10.66042,9.485068,9.971316,10.442916,9.3176,10.090064,10.839336,10.387032,10.212556,9.549848,10.225696,9.588744,9.871392,9.602232,9.24642,9.586784,9.324292,10.00004,9.594984,10.701824,9.6201,9.973152,10.377912,9.862112,10.046028,9.285072,9.914388,9.676544,11.234928,10.089836,10.122964,9.581064,10.417872,9.520404,9.710952,10.570704,9.630704,9.947184,9.91526,9.700548,10.788572,9.883348,10.686032,10.17082,10.43184,9.523856,9.598876,10.628872,9.814696,10.42476,10.109996,9.684056,10.740916,9.949092,10.48818,10.078004,10.586912,9.752404,9.666108,9.752144,10.3779,10.260088,10.363212,9.960544,10.217024,9.863684,9.445368,10.193192,9.51644,9.985464,10.089116,9.746956,10.071216,9.516188,10.234028,9.584716,10.546736,9.779296,9.671872,10.366152,9.980044,10.069168,9.57016,10.820928,10.1436,10.57842,9.838732,10.477176,10.113536,10.26442,9.996736,10.0597,10.323068,10.198916,10.173,10.289564,10.324728,9.99266,9.539136,10.546192,10.208288,10.229388,9.542768,10.907924,9.8041,10.105304,9.87886,9.886856,10.89886,10.151,10.254956,9.599152,10.365092,10.075496,9.288176,10.272672,10.22724,10.3499,9.64258,9.862368,9.688792,10.033196,9.650884,10.605168,9.547864,9.819864,10.404912,9.806596,10.153364,9.465984
IMG_001_1_6_4_out.jpg,8.609164,10.660672,9.419532,9.609384,9.545928,9.111432,9.64864,8.85684,8.54364,9.892876,9.003516,9.386996,9.78426,8.81648,9.400264,10.11496,9.686536,9.719748,8.825072,9.46308,8.93668,9.602232,8.77056,8.49178,9.004736,8.654996,9.399768,8.954456,9.899648,9.075676,9.66108,9.831552,9.32668,9.624452,8.85844,9.381588,9.01132,10.384072,9.542188,9.328044,8.722504,9.844568,8.819844,8.997008,9.886864,8.690832,9.51308,9.3073,9.036668,10.107108,9.113724,9.957416,9.470516,9.826688,8.545056,8.870204,9.819288,9.160936,9.791824,9.528132,9.113824,9.910236,9.288356,9.741668,9.422748,9.999896,9.155332,9.078276,9.070688,9.778212,9.57852,9.68074,9.331808,9.572216,9.120724,8.657152,9.534248,8.548584,9.422328,9.427252,9.26306,9.469736,8.771772,9.462028,9.059068,9.787656,9.10036,9.032448,9.721904,9.592884,9.452272,9.018352,9.942264,9.34024,9.8787,9.269828,9.665024,9.722784,9.702172,9.232656,9.550396,9.728356,9.413492,9.565832,9.716788,9.727928,9.138284,8.9952,9.691488,9.48412,9.54586,8.836712,10.184028,9.023556,9.633616,9.4029,9.291176,10.052252,9.440864,9.665532,9.243744,9.769292,9.75696,8.698752,9.41948,9.437912,9.788596,8.984372,9.314936,9.044832,9.292508,8.997156,9.753152,8.793624,9.184608,9.698176,9.087892,9.699996,8.344728
IMG_001_1_7_1_int.jpg,8.480136,10.43082,8.993864,9.166628,9.158492,8.770044,9.195332,8.50322,8.347372,9.651088,8.709744,9.058264,9.403784,8.34022,9.004524,9.796668,9.290788,9.362784,8.468372,9.117396,8.655548,9.24642,8.49178,8.155096,8.645172,8.371624,8.980596,8.696076,9.530948,8.596176,9.271484,9.392628,8.901644,9.127104,8.528284,8.98836,8.686932,10.011156,9.120816,9.073464,8.524796,9.34598,8.500984,8.681412,9.67602,8.610884,9.192484,8.918816,8.690592,9.665504,8.813352,9.54938,9.085376,9.513156,8.6557,8.572032,9.555396,8.83646,9.443956,9.126616,8.631444,9.545424,8.907624,9.346936,9.053968,9.535508,8.623328,8.632128,8.73698,9.558432,9.157844,9.304896,8.961732,9.146444,8.801048,8.361956,9.194436,8.402148,9.011844,9.235136,8.850456,9.204892,8.49144,9.245248,8.69316,9.589764,8.768148,8.601636,9.364228,9.075352,9.242444,8.630916,9.590084,8.99698,9.526688,8.843408,9.29218,9.416076,9.346024,8.8519,9.160152,9.242008,9.04368,9.223508,9.308688,9.45694,8.939168,8.590884,9.336156,9.1705,9.243296,8.557436,9.713736,8.725904,9.226028,8.99188,8.842668,9.686256,9.04014,9.263008,8.86846,9.290288,9.330292,8.332604,9.177708,9.078876,9.410664,8.531128,8.9883,8.657244,9.054848,8.61504,9.393092,8.426284,8.74578,9.277804,8.793272,9.363016,8.586604
IMG_001_1_7_2_out.jpg,9.010404,10.945208,9.538972,9.723,9.60468,9.07436,9.587768,9.025752,8.782496,10.076284,9.001188,9.487772,9.87874,8.830184,9.539816,10.206272,9.810584,9.781484,8.901944,9.655984,8.916568,9.586784,9.004736,8.645172,9.043664,8.628452,9.432632,9.050024,10.0842,9.114828,9.699952,9.918472,9.394184,9.60862,9.059688,9.45166,9.157576,10.531552,9.521844,9.4351,8.714128,9.87808,8.983444,8.999704,10.092344,8.780312,9.537664,9.442796,9.221012,10.206164,9.384964,10.049592,9.629764,9.864648,9.025752,9.124628,10.005832,9.28404,9.7392,9.647748,9.259984,10.173996,9.446572,9.953972,9.527764,10.082504,9.22982,9.093788,9.126688,9.946916,9.666304,9.688668,9.498216,9.594832,9.279292,8.834272,9.644416,8.779488,9.449584,9.695844,9.41234,9.41072,8.980404,9.684316,9.06126,9.827336,9.306144,9.139824,9.828024,9.663508,9.661552,9.16716,10.299912,9.588992,9.798268,9.34218,9.902664,9.82668,9.671116,9.514416,9.661732,9.659388,9.596396,9.806152,9.844612,9.910464,9.355932,9.125768,9.881136,9.711256,9.659548,9.054912,10.27182,9.256636,9.580256,9.470516,9.414504,10.358892,9.592384,9.7797,9.194992,9.839012,9.81712,8.873312,9.646744,9.52076,9.916604,9.122316,9.21272,9.23604,9.467836,9.099588,9.948504,8.943936,9.315648,9.840104,9.3289,9.741692,9.008936
IMG_001_1_7_3_int.jpg,8.648184,10.592676,9.25208,9.426148,8.992308,8.830404,9.330724,8.626564,8.40094,9.652224,8.686032,8.974816,9.594952,8.459692,9.129268,9.923364,9.46358,9.306512,8.567044,9.292492,8.732732,9.324292,8.654996,8.371624,8.628452,8.368952,9.098548,8.746956,9.782556,8.770264,9.239324,9.517356,8.990836,9.235424,8.54574,9.056248,8.622356,10.221524,9.155152,9.192056,8.60742,9.543452,8.619832,8.823764,9.761892,8.705324,9.157268,9.05332,8.826496,9.977552,9.068232,9.70442,9.33896,9.56734,8.753204,8.813392,9.71142,8.967572,9.523508,9.186008,8.81194,9.865696,9.09632,9.55324,9.260968,9.754388,8.829928,8.766592,8.767604,9.587296,9.317428,9.442056,9.109292,9.359564,8.939648,8.495492,9.282724,8.582516,9.134716,9.206344,8.991368,9.265388,8.564216,9.27392,8.816096,9.523404,8.9255,8.79682,9.532476,9.212176,9.269748,8.865284,9.909108,9.23954,9.61972,9.03576,9.471732,9.400396,9.511776,9.093276,9.291088,9.403296,9.268072,9.332212,9.486168,9.510156,9.028072,8.637276,9.58538,9.409324,9.398744,8.718548,10.004896,8.910768,9.286516,9.041016,9.020596,9.970336,9.267684,9.421528,8.820316,9.425544,9.36362,8.488156,9.31662,9.307572,9.375144,8.787304,8.977756,8.854628,9.158392,8.7328,9.603132,8.657436,8.839628,9.51514,8.957976,9.349912,8.761564
IMG_001_1_7_4_out.jpg,9.249756,11.155216,9.848516,9.854464,9.979232,9.519488,9.960048,9.410256,9.154424,10.541652,9.461596,9.77486,10.261724,9.098064,9.740704,10.585784,9.983472,10.022812,9.352176,9.94436,9.437488,10.00004,9.399768,8.980596,9.432632,9.098548,9.620704,9.463528,10.507056,9.386532,9.930192,10.248,9.672576,9.818316,9.267976,9.628428,9.566152,10.846344,9.80834,9.961692,9.363328,10.078176,9.203524,9.545568,10.509456,9.462704,9.83324,9.620812,9.469804,10.595908,9.594084,10.337688,9.8729,10.2048,9.289408,9.44126,10.42264,9.4608,10.193048,9.739404,9.346176,10.490236,9.75178,10.187612,9.903356,10.209688,9.457444,9.272428,9.395872,10.340556,9.94376,10.250164,9.68124,9.767456,9.524052,9.155376,10.10932,9.26652,9.670576,10.092908,9.603436,9.932784,9.25582,10.039148,9.411276,10.298496,9.676304,9.400056,10.119952,9.856684,10.09948,9.324232,10.586968,9.858456,10.174788,9.564524,10.106368,10.156792,10.121804,9.716552,9.802756,10.033724,9.872916,10.009056,10.01186,10.133064,9.785124,9.303768,10.304728,9.943296,9.955932,9.425352,10.487572,9.480676,10.065888,9.700244,9.632976,10.51258,9.811344,10.080948,9.695632,10.1015,9.968096,9.085856,10.072248,9.995896,10.11418,9.397524,9.727496,9.428952,9.896164,9.224532,10.319984,9.305384,9.379848,9.982744,9.632676,10.110556,9.241968
